Version=0.1
OS=Windows XP
1,15,3,6,44,46,47,31,33,249,43
1,15,3,6,44,46,47,31,33,249,43,252
1,15,3,6,44,46,47,31,33,249,43,252,12
15,3,6,44,46,47,31,33,249,43
15,3,6,44,46,47,31,33,249,43,252
15,3,6,44,46,47,31,33,249,43,252,12
28,2,3,15,6,12,44,47
END
OS=Windows 2000
1,15,3,6,44,46,47,31,33,43
1,15,3,6,44,46,47,31,33,43,252
1,15,3,6,44,46,47,31,33,43,252,12
15,3,6,44,46,47,31,33,43
15,3,6,44,46,47,31,33,43,252
END
OS=Windows ME
1,15,3,6,44,46,47,31,33,43,77
15,3,6,44,46,47,31,33,43,77
END
OS=Windows 98
1,3,6,15,44,46,47,57
END
OS=Windows 95
1,3,15,6,44,46,47
END
OS=Windows NT 4
1,2,3,6,12,15,26,28,85,86,87,88,44,45,46,47,70,69,78,79
1,15,3,44,46,47,6
END
OS=Windows 98SE
15,3,6,44,46,47,43,77
1,15,3,6,44,46,47,43,77
15,3,6,44,46,47,43,77,252
1,15,3,6,44,46,47,43,77,252
END
OS=Windows 7/Vista
1,15,3,6,44,46,47,31,33,121,249,43
1,15,3,6,44,46,47,31,33,121,249,43,252
END
OS=Windows 8
1,15,3,6,44,46,47,31,33,121,249,252,43
END
OS=Mac OS X
1,3,6,15,112,113,78,79,95
1,3,6,15,112,113,78,79,95,252
3,6,15,112,113,78,79,95,252
3,6,15,112,113,78,79,95
3,6,15,112,113,78,79,95,44,47
1,3,6,15,112,113,78,79,95,44,47
1,3,6,15,112,113,78,79
1,3,6,15,119,112,113,78,79,95,252
3,6,15,112,113,78,79,95,252,44,47
1,3,6,15,112,113,78,79,95,252,44,47
1,3,12,6,15,112,113,78,79
60,43
43,60
1,3,6,15,119,95,252,44,46,47
1,3,6,15,119,95,252,44,46,47,101
1,3,6,15,119,95,252,44,46
END
OS=Mac OS 9
1,3,6,15,33,42,44,45,46,47,69,70,71,74,78,79
END
OS=HiveOS
1,3,6,7,12,15,28,40,41,42
1,3,6,7,12,15,28,40,41,42,225,226,227,228
1,3,6,7,12,15,28,40,41,42,225,226,227,228,229,230,231
END
OS=Linux
1,28,2,3,15,6,12
1,28,2,3,15,6,12,42
3,6,15,28,12,7,9,42,48,49
1,28,2,3,15,6,12,44,47
1,28,2,3,15,6,12,44,47,26
1,28,2,3,15,6,119,12,44,47,26
1,28,2,3,15,6,119,12
3,6,12,15,17,23,28,29,31,33,40,41,42,119
1,3,6,12,15,23,28,29,31,33,40,41,42
3,6,12,15,17,23,28,29,31,33,40,41,42,9,7,200,44
1,3,6,12,15,23,28,29,31,33,40,41,42,9,7,200,44
1,28,2,3,15,6,12,121,249,252,42
1,3,6,12,15,28,40,41,42,119
1,3,6,12,15,17,23,28,29,31,33,40,41,42,9,7,200,44
1,3,6,12,15,17,23,28,29,31,33,40,41,42,9,7,44,45,46,47
1,3,6,12,15,17,23,28,29,31,33,40,41,42,9,7,44,45,46,47,119
1,28,2,3,15,6,12,40,41
1,28,2,3,15,6,12,40,41,42
28,2,3,15,6,12,40,41,42
1,28,2,3,15,6,12,40,41,42,26,119
1,28,2,3,15,6,12,40,41,42,26
1,3,6,12,15,17,23,28,29,31,33,40,41,42
1,3,6,12,15,17,23,28,29,31,33,40,41,42,119
58,59,1,28,121,33,3,12,119,15,6,40,41,42,26
1,121,33,3,6,12,15,28,40,41,42,51,58,59,119
1,121,33,3,6,12,15,26,28,42,51,54,58,59,119
58,59,1,28,121,33,3,12,119,15,6,40,41,42,26,17,120
1,28,3,26,12,15,6,40,41,87,85,86,44,45,46,47,42
1,28,2,3,15,6,119,12,44,47,26,121,42,121,249,252,42
1,28,2,121,15,6,12,40,41,42,26,119,3
1,28,2,121,15,6,12,40,41,42,26,119,3,121,249,252,42
END
OS=Apple iOS
1,3,6,15,119,78,79,95,252
1,3,6,15,119,252
1,3,6,15,119,252,46,208,92
1,3,6,15,119,252,67,52,13
1,15,3,6
END
OS=Android
1,121,33,3,28,51,58,59
1,3,6,12,15,28,33,51,58,59,119,121
1,121,33,3,6,28,51,58,59
1,3,6,28,33,51,58,59,121
1,121,33,3,6,15,28,51,58,59,119
1,121,33,3,6,12,15,28,51,58,59,119
1,121,33,3,6,15,28,51,58,59
1,3,6,15,28,33,51,58,59,121
6,3,1,15,12,42
1,33,3,6,15,28,51,58,59
1,121,33,3,6,28,42,51,58,59
1,121,33,3,6,15,28,44,51,58,59,119
1,121,33,3,6,12,15,28,42,51,58,59,119
1,33,3,6,28,51,58,59
1,33,3,6,15,26,28,51,58,59
END
OS=ShoreTel IP Phone
1,28,156,4,3,66,42
END
OS=Cisco IP Phone
1,66,6,3,15,150,35
1,66,6,3,15,150,35,151
1,3,6,15,42,66,150
1,28,66,6,15,3,35,150
1,3,6,15,35,66,51,150
1,3,6,15,42,66,51,150
1,3,6,12,15,42,66,150
1,3,6,15,35,66,150
1,3,6,12,15,28,42,66,149,150
6,3,1,66,15,150
END
OS=SpectraLink IP Phone
1,3,6,7,15,42,58,59,66,151,152
END
OS=Ascom IP Phone
1,3,6,15,42,7,100,44,46
END
OS=CrOS
1,121,33,3,6,12,15,26,28,51,54,58,59,119
1,121,33,3,6,12,15,26,28,51,54,58,59,119,252
END